[DASH_CAM]
POS=0.303251,0.968272,0.266408
EXP=33
