[DASH_CAM]
POS=0.303251,1.00828,-0.239126
EXP=33
